gridtype=lonlat
xsize=1440
ysize=816
xfirst=-78.66277
yfirst=-35.70235
xinc=0.03
yinc=0.03
