 WARNING:  snow balance error 
  CLM step  =                   6362
  indexc    =       222118
  ctype     =           65
  ltype     =            6
  errh2osno =   1.154564455407259E-002
 WARNING:  snow balance error 
  CLM step  =                   6368
  indexc    =       222564
  ctype     =           65
  ltype     =            6
  errh2osno =   1.274061921794956E-002
